n = 8
Q = 80
q_avg = [ 23 25 24 18 15 19 14 11 ]
q_avg_dep = [ 0 23 25 24 18 15 19 14 11 0 ]

c =
[
0	 22    57	 36	   58	 50	   28	 22	  45	 0  ;
22	 0	   54	 45	   61	 51	   30	 32	  50	 22 ;
57	 54	   0	 92	   14	 10    28	 36	  100	 57 ;
36	 45	   92	 0	   94	 86	   64	 58	  10	 36 ;
58	 61	   14	 94	   0     10	   32	 36	  103	 58 ;
50	 51	   10	 86	   10	 0	   22	 28	  94	 50 ;
28	 30	   28	 64	   32	 22	   0     10	  72	 28 ;
22	 32	   36	 58	   36	 28	   10	 0	  67	 22 ;
45	 50	   100	 10	   103	 94	   72	 67	  0	     45 ;
0	 22	   57	 36	   58	 50	   28	 22	  45	 0
]
